0.766974, 
0.329199, 
0.220009, 
0.175136, 
0.151231, 
0.185835, 
0.129788, 
0.108363, 
0.124054, 
0.114926, 
0.10555, 
0.0892034, 
0.0739085, 
0.0620273, 
0.0594128, 
0.0578558, 
0.0567254, 
0.0620558, 
0.0609814, 
0.058628, 
0.0467428, 
0.0486033, 
0.048392, 
0.0529267, 
0.0622208, 
0.0954028, 
0.460171, 
0.0643361, 
0.0518123, 
0.0483833, 
0.0476238, 
0.0465969, 
0.0465751, 
0.0466377, 
0.0465665, 
0.0458044, 
0.0446856, 
0.0435115, 
0.0434108, 
0.0432387, 
0.0427971, 
0.042085, 
0.0411259, 
0.0398841, 
0.038436, 
0.036611, 
0.0343349, 
0.0316853, 
0.0301251, 
0.0307814, 

