1.38508, 
1.3838, 
1.38231, 
1.38059, 
1.37821, 
1.37408, 
1.36864, 
1.35854, 
1.34297, 
1.31275, 
1.24919, 
1.11382, 
0.91309, 
0.769637, 
0.681543, 
0.623315, 
0.588222, 
0.504099, 
0.278602, 
0.160857, 
0.203833, 
2.67306, 
1.44822, 
0.604551, 
0.482315, 
0.427919, 
0.276185, 
0.0803982, 
0.019435, 
0.0117852, 
0.00857189, 
0.00608478, 
0.0056926, 
0.00433554, 
0.00375632, 
0.00298359, 
0.00273642, 
0.00255306, 
0.00226797, 
0.00180771, 
0.00209837, 
0.0016207, 
0.00188875, 
0.00161946, 
0.00122615, 
0.0012089, 
0.00108147, 
0.00147927, 
0.00126564, 
0.00117458, 

