1.39677, 
1.39073, 
1.38749, 
1.38556, 
1.38425, 
1.38322, 
1.38217, 
1.38102, 
1.37957, 
1.37785, 
1.37491, 
1.37091, 
1.36489, 
1.35447, 
1.33793, 
1.30641, 
1.24329, 
1.10047, 
0.873918, 
0.44153, 
0.410233, 
12.2441, 
5.21472, 
1.54451, 
2.99508, 
1.42566, 
1.42189, 
1.41848, 
1.4154, 
1.41259, 
1.41007, 
1.40777, 
1.40569, 
1.40383, 
1.40213, 
1.40059, 
1.39921, 
1.39796, 
1.39683, 
1.39581, 
1.39489, 
1.39405, 
1.39329, 
1.39261, 
1.392, 
1.39145, 
1.39095, 
1.39049, 
1.39008, 
1.38971, 

