2.10531, 
1.96035, 
1.79628, 
1.48297, 
1.48147, 
1.93624, 
1.85054, 
1.77076, 
1.69504, 
1.60245, 
1.38362, 
0.59612, 
0.536988, 
0.442796, 
0.422306, 
0.400581, 
0.382264, 
0.36644, 
0.349249, 
0.336416, 
0.328061, 
0.313665, 
0.304631, 
0.297817, 
0.288881, 
0.281599, 
0.27142, 
0.263023, 
0.252892, 
0.246881, 
0.243064, 
0.236601, 
0.228556, 
0.228927, 
0.221094, 
0.216034, 
0.209462, 
0.206295, 
0.205435, 
0.19805, 
0.193525, 
0.189765, 
0.189765, 
0.18296, 
0.179916, 
0.176426, 
0.173087, 
0.170918, 
0.168618, 
0.164206, 

