1.70553, 
1.62276, 
1.55987, 
1.50304, 
1.44412, 
1.37546, 
1.28508, 
1.14396, 
0.949071, 
0.766276, 
0.642751, 
0.547469, 
0.469624, 
0.41663, 
0.359541, 
0.315533, 
0.297806, 
0.287893, 
0.279341, 
0.271383, 
0.264667, 
0.258307, 
0.251393, 
0.243866, 
0.235678, 
0.224946, 
0.211131, 
0.191632, 
0.166332, 
0.134185, 
0.099065, 
0.0681952, 
0.0464085, 
0.032424, 
0.0241221, 
0.0183595, 
0.0145, 
0.0118519, 
0.00981293, 
0.0082425, 
0.00686522, 
0.00633558, 
0.0055471, 
0.00493383, 
0.00435951, 
0.0040114, 
0.00368001, 
0.00333055, 
0.00303811, 
0.00266241, 

