0.005,   
0.07,   
0.12,   
0.3,   
0.365,   
0.355,   
0.355,   
0.36,   
0.515,   
0.555,   
0.595,   
0.655,   
0.665,   
0.69,   
0.695,   
0.71,   
0.73,   
0.74,   
0.695,   
0.585,   
0.585,   
0.555,   
0.605,   
0.67,   
0.725,   
0.78,   
0.825,   
0.845,   
0.875,   
0.885,   
0.905,   
0.92,   
0.925,   
0.94,   
0.95,   
0.95,   
0.96,   
0.975,   
0.98,   
0.98,   
0.98,   
0.98,   
0.98,   
0.985,   
0.985,   
0.99,   
0.99,   
0.99,   
0.99,   
0.995,   
0.995,   
0.995,   
0.995,   
0.995,   
0.995,   
0.995,   
0.995,   
0.995,   
0.995,   
0.995,   
0.995,   
0.99,   
0.975,   
0.975,   
0.98,   
0.98,   
0.98,   
0.97,   
0.98,   
0.97,   
0.975,   
0.98,   
0.98,   
0.985,   
0.985,   
0.985,   
0.985,   
0.985,   
0.99,   
0.99,   
0.99,   
0.99,   
0.99,   
0.99,   
0.99,   
0.995,   
0.995,   
0.995,   
0.995,   
0.995,   
0.995,   
0.995,   
0.995,   
0.995,   
0.995,   
0.995,   
0.995,   
0.995,   
0.995,   
0.995,   

