3.95199, 
1.08446, 
0.399796, 
0.182982, 
0.137053, 
0.0847764, 
0.0684345, 
0.0511896, 
0.044195, 
0.039522, 
0.0359699, 
0.0312323, 
0.0277463, 
0.0249443, 
0.0226574, 
0.0207563, 
0.019156, 
0.0177687, 
0.0165643, 
0.0155093, 
0.0145767, 
0.0137388, 
0.0129937, 
0.0123238, 
0.0117156, 
0.0111576, 
0.0106461, 
0.0101773, 
0.00974453, 
0.00934249, 
0.00898228, 
0.00867427, 
0.00834779, 
0.00804241, 
0.00776908, 
0.00753005, 
0.007277, 
0.0070456, 
0.00684926, 
0.006658, 
0.00646084, 
0.00627371, 
0.00612337, 
0.00595566, 
0.00579018, 
0.0056414, 
0.00550931, 
0.00536597, 
0.00522986, 
0.00511913, 

