1.60422, 
1.43911, 
1.32279, 
1.23687, 
1.16681, 
1.10319, 
1.04423, 
0.987459, 
0.932046, 
0.87797, 
0.825443, 
0.774512, 
0.72626, 
0.682122, 
0.640598, 
0.602023, 
0.56712, 
0.534959, 
0.505335, 
0.478049, 
0.452908, 
0.429724, 
0.408319, 
0.388524, 
0.370185, 
0.353164, 
0.337338, 
0.3226, 
0.30886, 
0.29604, 
0.284069, 
0.272885, 
0.262427, 
0.252638, 
0.243464, 
0.234853, 
0.226759, 
0.219138, 
0.211952, 
0.205165, 
0.198745, 
0.192664, 
0.186895, 
0.181416, 
0.176205, 
0.171242, 
0.166511, 
0.161994, 
0.157679, 
0.15355, 
