1.79686, 
1.70879, 
1.59229, 
1.399, 
1.09672, 
0.713839, 
0.50097, 
0.337335, 
0.220397, 
0.0694852, 
0.0388574, 
0.027124, 
0.0206948, 
0.0167763, 
0.0141435, 
0.0122224, 
0.0107436, 
0.00957763, 
0.00863192, 
0.00784879, 
0.00718807, 
0.00662404, 
0.00613677, 
0.00571192, 
0.00533848, 
0.00500785, 
0.00471321, 
0.00444912, 
0.00421123, 
0.00399594, 
0.00380024, 
0.00362164, 
0.00345803, 
0.00330765, 
0.00316901, 
0.00304084, 
0.00292206, 
0.00281166, 
0.00270883, 
0.00261282, 
0.002523, 
0.00243881, 
0.00235975, 
0.00228538, 
0.0022153, 
0.00214916, 
0.00208662, 
0.00202744, 
0.00197135, 
0.0019181, 
