2.94855, 
2.45265, 
1.93772, 
1.48749, 
1.17483, 
0.988265, 
0.868871, 
0.782239, 
0.713114, 
0.655021, 
0.60475, 
0.560334, 
0.520306, 
0.483915, 
0.451041, 
0.421538, 
0.395307, 
0.372138, 
0.351617, 
0.33332, 
0.316894, 
0.302041, 
0.288506, 
0.276072, 
0.264563, 
0.253845, 
0.243827, 
0.234457, 
0.225704, 
0.217545, 
0.209952, 
0.202884, 
0.196291, 
0.190121, 
0.184327, 
0.178867, 
0.173707, 
0.16882, 
0.164184, 
0.15978, 
0.155593, 
0.151607, 
0.14781, 
0.144187, 
0.140725, 
0.137415, 
0.134246, 
0.13121, 
0.1283, 
0.12551, 
