1.53182, 
1.39069, 
1.28792, 
1.21382, 
1.14811, 
1.08226, 
1.02431, 
0.965061, 
0.906499, 
0.852649, 
0.801633, 
0.753838, 
0.709165, 
0.667468, 
0.629, 
0.593663, 
0.561124, 
0.531127, 
0.503433, 
0.477812, 
0.454026, 
0.431805, 
0.410946, 
0.391578, 
0.373791, 
0.357368, 
0.342113, 
0.327897, 
0.314618, 
0.302188, 
0.290532, 
0.279583, 
0.269285, 
0.259588, 
0.250447, 
0.241824, 
0.233681, 
0.225986, 
0.21871, 
0.211825, 
0.205305, 
0.199127, 
0.193267, 
0.187707, 
0.182425, 
0.177403, 
0.172626, 
0.168076, 
0.16374, 
0.159604, 
