1.64449, 
1.51706, 
1.42316, 
1.33459, 
1.23646, 
1.13566, 
1.0455, 
0.952769, 
0.874296, 
0.808863, 
0.751759, 
0.70236, 
0.659035, 
0.618146, 
0.581126, 
0.546735, 
0.518698, 
0.493054, 
0.468944, 
0.446703, 
0.42692, 
0.408596, 
0.391447, 
0.375486, 
0.360685, 
0.346783, 
0.333684, 
0.321561, 
0.31031, 
0.299764, 
0.289841, 
0.280488, 
0.271662, 
0.263324, 
0.255441, 
0.247981, 
0.240914, 
0.234211, 
0.227846, 
0.221796, 
0.21604, 
0.210558, 
0.205332, 
0.200347, 
0.195586, 
0.191036, 
0.186683, 
0.182514, 
0.178518, 
0.174686, 
