3.43693, 
3.17581, 
2.84692, 
2.43794, 
2.05463, 
1.69623, 
1.38652, 
1.11539, 
0.93096, 
0.799389, 
0.695205, 
0.616027, 
0.552925, 
0.501432, 
0.458844, 
0.422828, 
0.391746, 
0.364567, 
0.340558, 
0.319234, 
0.300263, 
0.283392, 
0.26839, 
0.255032, 
0.243102, 
0.232403, 
0.222761, 
0.214027, 
0.206071, 
0.198785, 
0.192076, 
0.185867, 
0.180094, 
0.174703, 
0.169647, 
0.16489, 
0.160401, 
0.156152, 
0.152122, 
0.148292, 
0.144647, 
0.141174, 
0.137862, 
0.134701, 
0.131679, 
0.128789, 
0.12602, 
0.123363, 
0.120807, 
0.118343, 
