1.34103, 
0.983908, 
0.496851, 
0.382848, 
0.27286, 
0.184048, 
0.121419, 
0.084765, 
0.0638021, 
0.0502317, 
0.041216, 
0.0346281, 
0.0297047, 
0.0258871, 
0.0228673, 
0.0203814, 
0.0183488, 
0.0166327, 
0.0151927, 
0.0139539, 
0.0128748, 
0.0119565, 
0.0111303, 
0.0104012, 
0.00975223, 
0.00917463, 
0.00865834, 
0.00818613, 
0.00775976, 
0.00737661, 
0.00702295, 
0.0066954, 
0.00639574, 
0.00611917, 
0.00586551, 
0.0056305, 
0.00541024, 
0.00520532, 
0.00501662, 
0.004837, 
0.00467014, 
0.00451486, 
0.00437065, 
0.00423191, 
0.00410165, 
0.00397932, 
0.00386353, 
0.00375514, 
0.00365165, 
0.0035527, 
