2.07665, 
1.68881, 
1.35857, 
1.10152, 
0.920249, 
0.761759, 
0.635704, 
0.535725, 
0.457608, 
0.410438, 
0.360089, 
0.318251, 
0.293617, 
0.267529, 
0.237785, 
0.208356, 
0.188288, 
0.17326, 
0.157087, 
0.143471, 
0.132945, 
0.12451, 
0.116543, 
0.10992, 
0.104037, 
0.0987059, 
0.0938608, 
0.0894694, 
0.0854919, 
0.0818744, 
0.0785595, 
0.075495, 
0.0726367, 
0.0699472, 
0.0673947, 
0.0649519, 
0.0625959, 
0.0603095, 
0.0580822, 
0.0559099, 
0.0537921, 
0.0517326, 
0.0497455, 
0.0478557, 
0.0460905, 
0.0444698, 
0.0429953, 
0.0416464, 
0.0403916, 
0.0392015, 
