0.69335, 
0.692008, 
0.690474, 
0.686332, 
0.684419, 
0.673706, 
0.665196, 
0.655825, 
0.656602, 
0.632692, 
0.612121, 
0.5892, 
0.558712, 
0.522493, 
0.479215, 
0.429655, 
0.375319, 
0.321592, 
0.270907, 
0.22696, 
0.189944, 
0.15861, 
0.13219, 
0.108006, 
0.086332, 
0.0684386, 
0.0557141, 
0.046432, 
0.0411121, 
0.0370567, 
0.0337638, 
0.0309082, 
0.0283402, 
0.0257195, 
0.02301, 
0.0204887, 
0.0184024, 
0.0168009, 
0.0158063, 
0.0146031, 
0.0134202, 
0.0121965, 
0.0107218, 
0.00952295, 
0.00860367, 
0.00790867, 
0.00745174, 
0.0072111, 
0.00711645, 
0.0070337, 

