1.46999, 
1.43907, 
1.41805, 
1.4023, 
1.3892, 
1.37652, 
1.36067, 
1.33324, 
1.2721, 
1.15267, 
0.93216, 
0.877626, 
1.15975, 
1.11124, 
1.06379, 
0.956828, 
0.823035, 
0.64679, 
0.545236, 
0.467801, 
0.422008, 
0.429384, 
1.1219, 
0.88145, 
2.19847, 
1.05834, 
0.868477, 
0.706176, 
0.568085, 
0.477449, 
0.369534, 
0.0802562, 
0.0142231, 
0.0090227, 
0.00647993, 
0.0046268, 
0.00410803, 
0.00291036, 
0.00272772, 
0.00241378, 
0.00192366, 
0.00189061, 
0.00187466, 
0.00164497, 
0.00134643, 
0.00121464, 
0.00123168, 
0.0012212, 
0.00121949, 
0.000956643, 

