1.45416, 
1.44292, 
1.43287, 
1.42377, 
1.41546, 
1.40822, 
1.40155, 
1.39538, 
1.38954, 
1.3838, 
1.3774, 
1.36837, 
1.35301, 
1.32041, 
1.25358, 
1.12554, 
1.08339, 
1.38355, 
1.34761, 
1.31776, 
1.26309, 
1.16217, 
1.02719, 
0.854065, 
0.799176, 
1.29899, 
1.17759, 
1.18182, 
0.948162, 
0.782422, 
0.700402, 
0.636382, 
0.578961, 
0.547373, 
0.517684, 
0.492699, 
0.46729, 
0.44842, 
0.435468, 
0.420331, 
0.416759, 
0.397649, 
0.386208, 
0.374441, 
0.364388, 
0.365469, 
0.346218, 
0.337744, 
0.341681, 
0.330741, 

