1.38631, 
1.38561, 
1.3849, 
1.38423, 
1.38346, 
1.38259, 
1.38135, 
1.3799, 
1.37755, 
1.37443, 
1.36979, 
1.36209, 
1.34779, 
1.32109, 
1.26249, 
1.13214, 
0.94741, 
0.82289, 
0.641326, 
0.413349, 
0.187598, 
0.0883062, 
0.413222, 
10.0149, 
1.04452, 
0.825973, 
0.688269, 
0.584951, 
0.505675, 
0.481558, 
0.463822, 
0.448203, 
0.433209, 
0.419013, 
0.405881, 
0.392565, 
0.380001, 
0.367633, 
0.355548, 
0.343663, 
0.331864, 
0.320205, 
0.308876, 
0.297256, 
0.286026, 
0.274456, 
0.262801, 
0.251537, 
0.240169, 
0.22846, 

