weight 0:
          -1.45315          -1.04834         -0.128517
         -0.240026         -0.289768          -1.07342
         -0.475196         -0.640085          0.353002

bias 0:
                 0

weight 1:
         -0.499274         -0.078802          0.180386
         -0.633249         -0.836363         -0.818552
         -0.798769          -2.42326         -0.736441

bias 1:
                 0

weight 2:
         -0.899533          -1.14316         -0.170211
         -0.277501        -0.0465671           -1.0794
         -0.755115          -0.35939          0.356573

bias 2:
                 0

