weight 0:
              1.48           1.32858          -1.15773
          0.778741          0.433019         -0.791889
          0.209991         -0.265793         -0.642062

bias 0:
                 0

weight 1:
         -0.499296         -0.436409         -0.180672
         -0.490358          0.130984          0.187176
         -0.132672         -0.091445         -0.283311

bias 1:
                 0

weight 2:
         -0.329079         -0.569475         -0.361634
         -0.541589         -0.326846         -0.479115
         -0.211081         -0.385726           0.26713

bias 2:
                 0

